Оптимальные значения исходных переменных:
  x1: 1.3333333333333333
  x2: 6.666666666666667
  x3: -0.6666666666666666
  x4: 0.0
Значение целевой функции: 20.0
