ОПТИМАЛЬНОЕ РЕШЕНИЕ
Переменная : Значение
x1        :      2.00000000
x2        :      6.00000000
x3        :      0.00000000
x4        :      0.00000000
x5        :      0.00000000
x6        :      2.00000000

Значение целевой функции: 20.00000000

